# R script for Peak Model
#  -- generated by MACS
p <- c(0.0290307276532,0.0338733587443,0.0389039315336,0.0437402979014,0.0486267820554,0.0485202817597,0.0488084590303,0.0491404893638,0.0489337534958,0.0488209884769,0.0491091657475,0.0493848135715,0.0492469896595,0.0496604613956,0.0498671972637,0.0499549033895,0.0497043144585,0.0497231086284,0.0501428450877,0.0504247576351,0.0502806689998,0.0501428450877,0.0504059634653,0.0505751109937,0.0507317290755,0.0509635238367,0.0513080836168,0.0514647016986,0.0512203774909,0.0512266422142,0.0516964964598,0.0520410562399,0.0520974387493,0.0515586725477,0.0512767600004,0.051564937271,0.0516025256107,0.0515962608874,0.0516839670132,0.0520159973468,0.0516839670132,0.051564937271,0.051427113359,0.0516714375667,0.051884438158,0.0519032323278,0.0520535856864,0.0524607926992,0.0523918807432,0.0521475565355,0.0524733221458,0.0524983810389,0.0525359693785,0.0530120883474,0.0530622061336,0.0531373828129,0.0531373828129,0.0526424696742,0.0528304113724,0.0532814714482,0.0532689420016,0.053369177574,0.0535257956559,0.0531123239198,0.0535445898257,0.0534756778697,0.0535947076119,0.0538202376498,0.0541209443669,0.0536510901214,0.0539267379454,0.0541146796437,0.0540457676876,0.05414600326,0.0543652685746,0.0545406808263,0.0544404452539,0.0546910341849,0.0548601817133,0.0552673887261,0.0551922120468,0.0553801537451,0.0558312138208,0.056382509469,0.0561883030475,0.0559377141165,0.055994096626,0.0563010680664,0.0566644220163,0.0569275403938,0.0569338051171,0.0571468057084,0.0572721001739,0.0573472768532,0.0576229246773,0.0578923077781,0.0584561328728,0.0580927789229,0.0580426611367,0.0577043660799,0.0580802494763,0.0576103952307,0.0576981013566,0.0574224535325,0.0570966879222,0.057366071023,0.0573472768532,0.0576542482937,0.0578421899919,0.0584937212124,0.0585250448288,0.0591515171562,0.0592956057915,0.0594960769363,0.0600536373077,0.0604796384904,0.0603292851318,0.0603042262387,0.0601350787103,0.0599158133957,0.0601037550939,0.0600912256474,0.060310490962,0.0606362565722,0.0606738449119,0.0604107265344,0.0606863743584,0.0610998460945,0.0609244338429,0.061544641447,0.0618202892711,0.061726318422,0.0617576420383,0.0616949948056,0.0613253761324,0.0612815230695,0.0614506705979,0.0613504350255,0.0618954659504,0.0618453481642,0.0617200536987,0.0616636711892,0.0617137889754,0.0618954659504,0.0621585843279,0.0625219382778,0.0627412035924,0.0629354100139,0.0632862345173,0.0636245295741,0.063737294593,0.0639440304611,0.0635556176181,0.0637435593163,0.064307384411,0.0646644736376,0.0646707383609,0.0650591512039,0.0647584444868,0.0644138847067,0.0645391791722,0.0648586800591,0.0653723873676,0.0655164760029,0.06547262294,0.0653723873676,0.0654099757073,0.0651217984367,0.0652909459651,0.0652784165185,0.0656605646383,0.0659362124623,0.0664123314312,0.0662745075191,0.0660865658209,0.0658297121667,0.0658297121667,0.0661617425002,0.0664248608777,0.0666629203621,0.0664875081105,0.0667005087018,0.0666315967458,0.0670513332052,0.0670763920983,0.067458540218,0.0674898638344,0.0675149227275,0.0675023932809,0.067276863243,0.0675462463438,0.067001215419,0.0669448329095,0.0669510976328,0.0669009798466,0.066957362356,0.0670513332052,0.0670513332052,0.0669448329095,0.0671077157146,0.0667819501044,0.0668571267837,0.0671954218405,0.0671139804379,0.0675086580042,0.0677905705515,0.0679597180799,0.0678093647214,0.0677404527653,0.068235365904,0.0689182207409,0.0693504866468,0.0691061624391,0.0691688096719,0.0690560446529,0.069193868565,0.0695321636218,0.0698955175717,0.0699894884208,0.0698078114459,0.0692941041374,0.069444457496,0.0695697519614,0.0698078114459,0.0703027245845,0.0700897239932,0.0703465776475,0.0703966954336,0.0704217543267,0.0706535490879,0.0708602849559,0.0708916085723,0.0709166674654,0.0710482266542,0.0710169030378,0.070929196912,0.0709479910818,0.071317609755,0.0717373462144,0.0716496400885,0.0721382885039,0.0723700832651,0.072301171309,0.0720129940384,0.0720129940384,0.0723700832651,0.0718814348497,0.0715619339627,0.0717185520445,0.0717686698307,0.071593257579,0.07184384651,0.0722197299065,0.0724577893909,0.0723951421582,0.0724953777306,0.0729714966994,0.0730404086554,0.0733787037122,0.0734476156682,0.0736856751527,0.0734852040079,0.0735290570708,0.0734288214984,0.0741743235681,0.0742996180336,0.0744374419456,0.0747256192162,0.0743935888827,0.0747256192162,0.0749072961912,0.0753395620971,0.0757342396634,0.0763607119908,0.0763293883744,0.0767741837269,0.0770999493372,0.0779143633628,0.0784280706713,0.0789668368729,0.0790545429988,0.0792738083134,0.0792926024832,0.0797499272822,0.0798251039615,0.0795494561374,0.0797248683891,0.0793489849927,0.0798626923012,0.0796559564331,0.0802197815278,0.080476635182,0.0809652835974,0.0809652835974,0.0813599611637,0.0819425804282,0.0820490807239,0.0825189349695,0.0827632591772,0.0836653793287,0.0843983519518,0.0853568546128,0.086183798085,0.0872300068718,0.0884641573568,0.0898486612004,0.0917969901388,0.0929810228376,0.0940021727313,0.0954367943611,0.0967273273557,0.0974101821926,0.0980679781364,0.0991768341559,0.0995652469989,0.0998095712066,0.0996153647851,0.100342072685,0.100893368333,0.100774338591,0.10048616132,0.101131427818,0.101720311805,0.101544899554,0.101670194019,0.102603637787,0.103067227309,0.103361669303,0.103712493807,0.104176083329,0.105147115436,0.105184703776,0.105429027984,0.10578611721,0.106193324223,0.106425118984,0.106907502676,0.107427474708,0.107953711463,0.108392242092,0.108705478256,0.109513627559,0.110465865496,0.111092337824,0.111762663214,0.111938075466,0.112395400265,0.112708636428,0.112689842259,0.112971754806,0.112808872001,0.113241137907,0.113134637611,0.113823757171,0.113980375253,0.114193375844,0.114594318134,0.114562994518,0.115057907656,0.115233319908,0.115515232455,0.115277172971,0.115402467436,0.114945142637,0.115076701826,0.115070437103,0.114838642342,0.114500347285,0.114788524556,0.115377408543,0.115866056959,0.116323381758,0.116166763676,0.11682455962,0.117081413274,0.117194178293,0.117883297853,0.118277975419,0.118152680954,0.118121357337,0.117864503683,0.11751367918,0.118453387671,0.118522299627,0.118616270476,0.11958103786,0.119136242508,0.119706332326,0.120069686276,0.119800303175,0.120144862955,0.120376657716,0.120433040226,0.119931862364,0.120339069377,0.119894274024,0.119819097345,0.119781509005,0.11959983203,0.119881744578,0.120082215722,0.120501952182,0.120495687458,0.121216130635,0.121021924214,0.120495687458,0.121316366207,0.121291307314,0.121529366799,0.121767426283,0.12172357322,0.121930309088,0.121992956321,0.121617072925,0.121748632113,0.123045429831,0.123239636253,0.124586551757,0.125206759361,0.125595172204,0.126002379217,0.126309350657,0.126365733167,0.126722822393,0.126954617154,0.127173882469,0.127844207859,0.127092441066,0.127393147784,0.127493383356,0.127994561218,0.127869266752,0.127994561218,0.129617124546,0.130318773553,0.130312508829,0.130675862779,0.131264746767,0.131734601013,0.132442514743,0.132812133416,0.133920989435,0.134547461763,0.134422167297,0.134929609883,0.136025936456,0.136132436751,0.137328998897,0.137811382589,0.138362678237,0.139007944734,0.139484063703,0.140198242156,0.140555331383,0.14118180371,0.14051147832,0.141595275446,0.141852129101,0.142704131466,0.143061220693,0.143299280177,0.143831781655,0.144477048153,0.145090991033,0.145498198046,0.146982937462,0.146657171852,0.146945349123,0.147239791117,0.147828675104,0.148455147432,0.147809880935,0.148436353262,0.148511529941,0.148674412746,0.149582797621,0.149902298508,0.150296976074,0.150146622716,0.150046387143,0.150322034968,0.151756656597,0.152827924277,0.153278984353,0.153585955793,0.153366690479,0.153673661919,0.154105927825,0.154870224065,0.155446578606,0.155634520304,0.155289960524,0.154475546498,0.155640785027,0.155860050342,0.155609461411,0.156329904588,0.156342434034,0.156499052116,0.156937582745,0.15780837928,0.159449736778,0.159800561282,0.159405883715,0.160257886081,0.160990858704,0.161235182911,0.162237538635,0.163390247718,0.164386338718,0.165263399977,